MODEL: UNET_no_preprocess_with_crop_v3
FILES: ['133_cvc.jpg', '419_cvc.jpg', '480_cvc.jpg', 'cju1cfhyg48bb0799cl5pr2jh_kev.jpg', 'cju2hqt33lmra0988fr5ijv8j_kev.jpg']
ssim: 0.9175402522087097
jaccard: 0.8318205446039426
euclidean: 91.71695590238481
precision: 0.8629443730036919
recall: 0.9584427551255471

